0508 1234567
0508 123456789
0508 PIPELINE4
0508
0508 123456ABCDEF
0800 12345
0800 12345678
0800 AB1234567
0800 1234567ABC
0900
0900 123456
0900 12345ABCDE
0900 ABC1234
02 409ABCD
03 1234567
03 23456789
04 2345ABC
05 2345678
08 2345678
09 9001234
09 9111234
09 9991234
021 12345
021 123456789
021 123ABCD
022 12345678
022 12345
022 123ABCD
027 12345678
027 12345
027 123ABCD
025 1234567
025 12345
025 123ABC
UAHRBLADHBG
%&#%&*$(#**
**
02 40912345
(02) 1234567
0508 1234abc
(050)8123456
()0508 123456
)0508() 123456
0(508) 123456
((0508)) 123456
(02) 1234567
03-234-5678
--
021 123-4-5678
021 1234-56789
0508 12 3456
05 08 123 456
0508 4ABC DEFG
(02) 123 4567
(02) 4091 234
03 234- 5678
07 2345 678
03-444-1234
0800 4pipeline
(024) 091234
(02)1234567
(09)1234567
(09)9001234
(09)9111234
(09)9991234
(06)1234567
(03)9001234
(04)9111234
(07)9991234
(021)12345
(021)123456789
(027)12345
(027)12345678
(022)123456
(022)12345678
(0508)1234567
(0800)12345678
(0800)12345
(0900)123456
099001234
099111234
099991234
061234567
039001234
049111234
079991234
02112345
021123456789
02712345
02712345678
022123456
02212345678
05081234567
080012345678
080012345
0900123456
02 123-4567
09 123-4567
09 900-1234
09 911-1234
09 999-1234
06 123-4567
03 900-1234
04 911-1234
07 999-1234
021 12345
021 123-456-789
027 12345
027 1234-5678
022 123456
022 1234-5678
0508 123-4567
0800 1234-5678
0800 12345
0900 123-456
02 1234567
09 1234567
02 123 4567
0508SOPHI
0508HAPPYDOGGY
0800SOPHI
0800HAPPYDOGGY
0900SOPH
0900HAPPYDOGGY
0900 123-CATS
0900 HEY-YOU
0900LED-ZEP
(0508) RUB-BISH
021-248-1444
021  248 1444
021 248-1444-
